1597,3
1597,2
1597,1
1597,0
1596,4
1596,3
1596,2
1596,1
1596,0
1595,5
1595,4
1595,3
1595,2
1595,1
1595,0
1594,3
1594,2
1594,1
1594,0
1593,4
1593,3
1593,2
1593,1
1593,0
1592,5
1592,4
1592,3
1592,2
1592,1
1592,0
1591,3
1591,2
1591,1
1591,0
1590,4
1590,3
1590,2
1590,1
1590,0
1589,4
1589,3
1589,2
1589,1
1589,0
1588,5
1588,4
1588,3
1588,2
1588,1
1588,0
0,550
1587,4
1587,3
1587,2
1587,1
1587,0
1586,3
1586,2
1586,1
1586,0
1585,4
1585,3
1585,2
1585,1
1585,0
1584,4
1584,3
1584,2
1584,1
1584,0
1583,4
1583,3
1583,2
1583,1
1583,0
1582,4
1582,3
1582,2
1582,1
1582,0
1581,5
1581,4
1581,3
1581,2
1581,1
1581,0
1580,4
1580,3
1580,2
1580,1
1580,0
1579,3
1579,2
1579,1
1579,0
1578,4
1578,3
1578,2
1578,1
1578,0
0,542
1577,4
1577,3
1577,2
1577,1
1577,0
1576,4
1576,3
1576,2
1576,1
1576,0
1575,3
1575,2
1575,1
1575,0
1574,3
1574,2
1574,1
1574,0
1573,4
1573,3
1573,2
1573,1
1573,0
1572,5
1572,4
1572,3
1572,2
1572,1
1572,0
1571,3
1571,2
1571,1
1571,0
1570,4
1570,3
1570,2
1570,1
1570,0
1569,5
1569,4
1569,3
1569,2
1569,1
1569,0
1568,3
1568,2
1568,1
1568,0
1567,4
1567,3
1567,2
1567,1
1567,0
1566,4
1566,3
1566,2
1566,1
1566,0
1565,5
1565,4
1565,3
1565,2
1565,1
1565,0
1564,4
1564,3
1564,2
1564,1
1564,0
1563,3
1563,2
1563,1
1563,0
1562,4
1562,3
1562,2
1562,1
1562,0
0,531
1561,4
1561,3
1561,2
1561,1
1561,0
1560,4
1560,3
1560,2
1560,1
1560,0
1559,4
1559,3
1559,2
1559,1
1559,0
1558,5
1558,4
1558,3
1558,2
1558,1
1558,0
1557,4
1557,3
1557,2
1557,1
1557,0
1556,3
1556,2
1556,1
1556,0
1555,4
1555,3
1555,2
1555,1
1555,0
0,319
1554,4
1554,3
1554,2
1554,1
1554,0
1553,4
1553,3
1553,2
1553,1
1553,0
1552,3
1552,2
1552,1
1552,0
1551,3
1551,2
1551,1
1551,0
1550,4
1550,3
1550,2
1550,1
1550,0
1549,5
1549,4
1549,3
1549,2
1549,1
1549,0
1548,3
1548,2
1548,1
1548,0
1547,4
1547,3
1547,2
1547,1
1547,0
1546,5
0,317
1546,4
1546,3
1546,2
1546,1
1546,0
1545,3
1545,2
1545,1
1545,0
0,316
1544,4
1544,3
1544,2
1544,1
1544,0
1543,4
1543,3
1543,2
1543,1
1543,0
1542,5
1542,4
1542,3
1542,2
1542,1
1542,0
0,315
1541,4
1541,3
1541,2
1541,1
1541,0
1540,3
1540,2
1540,1
1540,0
1539,4
1539,3
1539,2
1539,1
1539,0
1538,4
1538,3
1538,2
1538,1
1538,0
1537,4
1537,3
1537,2
1537,1
1537,0
1536,4
1536,3
1536,2
1536,1
1536,0
1535,5
1535,4
1535,3
1535,2
1535,1
1535,0
1534,4
1534,3
1534,2
1534,1
1534,0
1533,3
1533,2
1533,1
1533,0
1532,4
1532,3
1532,2
1532,1
1532,0
1531,4
1531,3
1531,2
1531,1
1531,0
